0 -65
0.789818710278701 -65
1.84185723236992 -64.985266426408
2.89389575446115 -64.9707082525016
3.9490935513935 -64.9707082525016
4.7389122616722 -65
5.79095078376343 -65
6.84298930585465 -64.985266426408
7.89818710278701 -64.9561500785953
8.95022562487823 -64.9268583310969
9.74004433515693 -64.9561500785953
10.7920828572482 -64.9707082525016
11.8472806541805 -64.9561500785953
12.8993191762717 -64.9561500785953
13.951357698363 -64.985266426408
14.7411764086417 -65
15.796374205574 -65
16.8484127276652 -65.0145581739064
17.9036105245976 -65.0145581739064
18.9556490466888 -65.0145581739064
19.7454677569675 -65
20.7975062790587 -64.9268583310969
21.8527040759911 -64.9268583310969
22.9047425980823 -64.9561500785953
23.9567811201735 -64.9707082525016
24.7465998304522 -64.9707082525016
25.8017976273846 -64.985266426408
26.8538361494758 -64.9707082525016
27.905874671567 -64.985266426408
28.9610724684994 -65.0145581739064
29.7508911787781 -65.0145581739064
30.8029297008693 -65
31.8549682229606 -64.985266426408
32.9101660198929 -64.9414165050033
33.9622045419841 -64.9707082525016
34.7520232522628 -64.9561500785953
35.8040617743541 -64.9561500785953
36.8592595712864 -64.9707082525016
37.9112980933776 -64.985266426408
38.9633366154689 -65.0145581739064
39.7531553257476 -65.0145581739064
40.8083531226799 -65.0438499214047
41.8603916447711 -65.0145581739064
42.9124301668624 -65.0291163478127
43.9676279637947 -65.0438499214047
44.7574466740734 -65.0729662692175
45.8094851961646 -65.0584080953111
46.8615237182559 -65.0145581739064
47.9167215151882 -65.0291163478127
48.9687600372794 -65.0438499214047
49.7585787475581 -68.8295013361193
50.8106172696494 -70.4519484280949
51.8658150665817 -71.0804055016678
52.9178535886729 -71.5043465418088
53.9698921107642 -71.8697040869532
54.7597108210429 -72.1766535367864
55.8149086179752 -72.4251948913085
56.8669471400664 -72.6151527508339
57.9189856621577 -72.8052860100449
58.97418345909 -72.9659521220719
59.7640021693687 -73.0829437123797
60.81604069146 -73.2144934765939
61.8680792135512 -73.3314850669018
62.9232770104835 -73.4191849097113
63.9753155325748 -73.5068847525208
64.7651342428534 -73.6091427692367
65.8171727649447 -73.6675508645478
66.872370561877 -73.6822844381398
67.9244090839683 -73.7699842809493
68.9796068809006 -73.8429505501668
69.7694255911793 -73.9015340451635
70.8214641132705 -73.9599421404746
71.8735026353618 -74.0037920618794
72.9287004322941 -74.0330838093778
73.9807389543853 -74.0476419832841
74.770557664664 -74.0622001571905
75.8225961867553 -74.0330838093778
76.8777939836876 -74.0476419832841
77.9298325057788 -74.0330838093778
78.9818710278701 -74.0330838093778
79.7716897381488 -74.0769337307825
80.8268875350811 -74.1207836521872
81.8789260571724 -74.1499
82.9309645792636 -74.1353418260936
83.9861623761959 -74.1207836521872
84.7759810864746 -74.1207836521872
85.8280196085659 -74.1060500785952
86.8800581306571 -74.1207836521872
87.9352559275894 -74.1207836521872
88.9872944496806 -74.1499
89.7771131599594 -74.1353418260936
90.8291516820506 -74.1207836521872
91.8843494789829 -74.1207836521872
92.9363880010741 -74.1207836521872
93.9884265231654 -74.1207836521872
94.7782452334441 -74.1207836521872
95.8334430303764 -74.1353418260936
96.8854815524677 -74.1353418260936
97.9375200745589 -74.1353418260936
98.9927178714912 -74.1207836521872
99.7825365817699 -74.0914919046889
100.834575103861 -74.0622001571905
101.886613625952 -74.0622001571905
102.941811422885 -74.0914919046889
103.993849944976 -74.1060500785952
104.783668655255 -74.1060500785952
105.835707177346 -74.1060500785952
106.890904974278 -74.0914919046889
107.942943496369 -74.1060500785952
108.994982018461 -74.0914919046889
109.784800728739 -74.1060500785952
110.839998525672 -74.0769337307825
111.892037047763 -74.0914919046889
112.944075569854 -74.1060500785952
113.999273366787 -74.1207836521872
114.789092077065 -74.1060500785952
115.841130599156 -74.0769337307825
116.893169121248 -74.0622001571905
117.94836691818 -74.0476419832841
119.000405440271 -74.0330838093778
119.79022415055 -74.0330838093778
120.845421947482 -74.0037920618794
121.897460469574 -73.989233887973
122.949498991665 -73.989233887973
123.739317701943 -73.974500314381
124.794515498876 -73.9015340451635
125.846554020967 -73.9453839665683
126.898592543058 -73.974500314381
127.953790339991 -73.989233887973
128.743609050269 -74.0037920618794
129.795647572361 -74.0037920618794
130.847686094452 -73.9599421404746
131.902883891384 -73.9306503929763
132.954922413475 -73.9453839665683
133.744741123754 -73.9453839665683
134.796779645845 -73.9599421404746
135.851977442778 -73.9599421404746
136.904015964869 -73.9599421404746
137.95605448696 -73.9599421404746
138.745873197239 -73.9599421404746
139.801070994171 -73.974500314381
140.853109516262 -73.989233887973
141.905148038354 -73.974500314381
142.960345835286 -73.974500314381
143.750164545565 -73.974500314381
144.802203067656 -74.0037920618794
145.854241589747 -74.0330838093778
146.909439386679 -74.0476419832841
147.961477908771 -74.0476419832841
148.751296619049 -74.0476419832841
149.803335141141 -74.0330838093778
150.858532938073 -74.0183502357858
151.910571460164 -74.0037920618794
152.962609982255 -73.989233887973
153.752428692534 -73.974500314381
154.807626489466 -73.974500314381
155.859665011558 -74.0037920618794
156.911703533649 -74.0183502357858
157.966901330581 -74.0330838093778
158.75672004086 -74.0476419832841
159.808758562951 -74.0622001571905
160.860797085042 -74.0769337307825
161.915994881975 -74.0769337307825
162.968033404066 -74.0769337307825
163.757852114345 -74.0769337307825
164.809890636436 -74.0769337307825
165.865088433368 -74.1060500785952
166.917126955459 -74.1060500785952
167.969165477551 -74.0769337307825
168.758984187829 -74.0914919046889
169.814181984762 -74.0769337307825
170.866220506853 -74.0476419832841
171.918259028944 -74.0330838093778
172.973456825877 -74.0476419832841
173.763275536155 -74.0476419832841
174.815314058246 -74.0476419832841
175.870511855179 -74.0769337307825
176.92255037727 -74.0769337307825
177.974588899361 -74.0622001571905
178.76440760964 -74.0330838093778
179.819605406572 -74.0183502357858
180.871643928664 -74.0330838093778
181.923682450755 -74.0183502357858
182.978880247687 -74.0183502357858
183.768698957966 -74.0330838093778
184.820737480057 -74.0183502357858
185.872776002148 -74.0330838093778
186.927973799081 -74.0476419832841
187.980012321172 -74.0622001571905
188.769831031451 -74.0914919046889
189.821869553542 -74.0769337307825
190.877067350474 -74.0476419832841
191.929105872565 -74.0330838093778
192.981144394657 -74.0476419832841
193.770963104935 -74.0622001571905
194.826160901868 -74.0183502357858
195.878199423959 -73.989233887973
196.93023794605 -74.0476419832841
197.985435742982 -74.0769337307825
198.775254453261 -74.0914919046889
199.827292975352 -74.0769337307825
200.879331497444 -74.0476419832841
201.934529294376 -74.0330838093778
202.986567816467 -74.0622001571905
203.776386526746 -74.0622001571905
204.828425048837 -74.0622001571905
205.883622845769 -74.0476419832841
206.935661367861 -74.0330838093778
207.987699889952 -74.0183502357858
208.777518600231 -74.0183502357858
209.832716397163 -74.0476419832841
210.884754919254 -74.0330838093778
211.936793441345 -74.0330838093778
212.991991238278 -74.0476419832841
213.781809948556 -74.0622001571905
214.833848470648 -74.0622001571905
215.885886992739 -74.0183502357858
216.941084789671 -74.0037920618794
217.993123311763 -74.0037920618794
218.782942022041 -74.0037920618794
219.834980544132 -73.989233887973
220.890178341065 -73.9306503929763
221.942216863156 -73.9015340451635
222.994255385247 -73.9015340451635
223.784074095526 -73.8722422976651
224.839271892458 -73.8576841237588
225.89131041455 -73.8576841237588
226.943348936641 -73.8576841237588
227.998546733573 -73.8283923762604
228.788365443852 -73.7845424548557
229.840403965943 -73.7845424548557
230.892442488034 -73.7261343595445
231.947640284967 -73.7261343595445
232.999678807058 -73.7845424548557
233.789497517337 -73.7845424548557
234.841536039428 -73.813834202354
235.89673383636 -73.8576841237588
236.948772358451 -73.8576841237588
238.000810880543 -73.8283923762604
238.790629590821 -73.799100628762
239.845827387754 -73.813834202354
240.897865909845 -73.799100628762
241.949904431936 -73.813834202354
242.739723142215 -73.7261343595445
243.794920939147 -73.813834202354
244.846959461238 -73.8283923762604
245.89899798333 -73.8283923762604
246.954195780262 -73.8429505501668
247.744014490541 -73.8429505501668
248.796053012632 -73.813834202354
249.848091534723 -73.813834202354
250.903289331655 -73.799100628762
251.955327853747 -73.799100628762
252.745146564025 -73.799100628762
253.797185086117 -73.799100628762
254.852382883049 -73.799100628762
255.90442140514 -73.813834202354
256.956459927231 -73.8283923762604
257.74627863751 -73.8429505501668
258.801476434442 -73.8576841237588
259.853514956534 -73.8722422976651
260.905553478625 -73.8429505501668
261.960751275557 -73.813834202354
262.750569985836 -73.8429505501668
263.802608507927 -73.8283923762604
264.854647030018 -73.8283923762604
265.909844826951 -73.813834202354
266.961883349042 -73.813834202354
267.751702059321 -73.799100628762
268.803740581412 -73.7552507073573
269.858938378344 -73.7552507073573
270.910976900435 -73.7552507073573
271.963015422527 -73.7699842809493
272.752834132805 -73.7845424548557
273.808031929738 -73.799100628762
274.860070451829 -73.799100628762
275.91210897392 -73.799100628762
276.967306770853 -73.799100628762
277.757125481131 -73.7845424548557
278.809164003222 -73.7699842809493
279.861202525314 -73.7699842809493
280.916400322246 -73.7699842809493
281.968438844337 -73.7406925334509
282.758257554616 -73.6529926906414
283.810296076707 -73.5798510217383
284.86549387364 -73.638434516735
285.917532395731 -73.6822844381398
286.969570917822 -73.6968426120462
287.759389628101 -73.6529926906414
288.814587425033 -73.6675508645478
289.866625947124 -73.6822844381398
290.918664469216 -73.7114007859525
291.973862266148 -73.7114007859525
292.763680976427 -73.7114007859525
293.815719498518 -73.7114007859525
294.867758020609 -73.6822844381398
295.922955817541 -73.6529926906414
296.974994339633 -73.5945845953303
297.764813049911 -73.5507346739255
298.816851572003 -73.5945845953303
299.872049368935 -73.623700943143
300.924087891026 -73.6675508645478
300.920928616185 -73.6675508645478
301.972967138276 -73.6968426120462
302.762785848555 -73.6968426120462
303.814824370646 -73.6968426120462
304.870022167578 -73.6822844381398
305.92206068967 -73.6675508645478
306.974099211761 -73.6968426120462
307.76391792204 -73.6968426120462
308.819115718972 -73.6822844381398
309.871154241063 -73.6822844381398
310.923192763154 -73.7261343595445
311.978390560087 -73.7552507073573
312.768209270365 -73.7406925334509
313.820247792457 -73.7114007859525
314.872286314548 -73.7114007859525
315.92748411148 -73.7114007859525
316.979522633571 -73.7114007859525
317.76934134385 -73.6822844381398
318.821379865941 -73.6822844381398
319.876577662874 -73.6675508645478
320.928616184965 -73.6822844381398
321.980654707056 -73.6822844381398
322.770473417335 -73.7114007859525
323.825671214267 -73.7261343595445
324.877709736358 -73.6968426120462
325.92974825845 -73.7114007859525
326.984946055382 -73.7406925334509
327.774764765661 -73.6822844381398
328.826803287752 -73.6968426120462
329.878841809843 -73.7261343595445
330.934039606776 -73.7114007859525
331.986078128867 -73.7114007859525
332.775896839146 -73.6968426120462
333.827935361237 -73.6675508645478
334.883133158169 -73.6675508645478
335.93517168026 -73.6675508645478
336.987210202352 -73.638434516735
337.77702891263 -73.6675508645478
338.832226709563 -73.638434516735
339.884265231654 -73.623700943143
340.936303753745 -73.6091427692367
341.991501550677 -73.6091427692367
342.781320260956 -73.638434516735
343.833358783047 -73.6675508645478
344.885397305139 -73.6675508645478
345.940595102071 -73.6675508645478
346.992633624162 -73.6675508645478
347.782452334441 -73.6822844381398
348.834490856532 -73.6968426120462
349.889688653464 -73.7552507073573
350.941727175556 -73.7261343595445
351.993765697647 -73.7552507073573
352.783584407926 -73.7552507073573
353.838782204858 -73.7406925334509
354.890820726949 -73.7261343595445
355.94285924904 -73.6822844381398
356.998057045973 -73.6529926906414
357.787875756251 -73.6529926906414
358.839914278343 -73.6529926906414
359.891952800434 -73.6529926906414
360.947150597366 -73.638434516735
361.736969307645 -73.638434516735
362.789007829736 -73.623700943143
363.841046351827 -73.638434516735
364.89624414876 -73.623700943143
365.948282670851 -73.623700943143
366.73810138113 -73.638434516735
367.790139903221 -73.6822844381398
368.845337700153 -73.7114007859525
369.897376222244 -73.6822844381398
370.949414744336 -73.6675508645478
371.739233454614 -73.6529926906414
372.794431251547 -73.7114007859525
373.846469773638 -73.7406925334509
374.898508295729 -73.7406925334509
375.953706092661 -73.7406925334509
376.74352480294 -73.7699842809493
377.795563325031 -73.7699842809493
378.847601847123 -73.7552507073573
379.902799644055 -73.7406925334509
380.954838166146 -73.7699842809493
381.744656876425 -73.7845424548557
382.796695398516 -73.813834202354
383.851893195448 -73.813834202354
384.90393171754 -73.8429505501668
385.955970239631 -73.8576841237588
386.74578894991 -73.8722422976651
387.800986746842 -73.8576841237588
388.853025268933 -73.8283923762604
389.905063791024 -73.813834202354
390.960261587957 -73.799100628762
391.750080298236 -73.7552507073573
392.802118820327 -73.7699842809493
393.854157342418 -73.7845424548557
394.90935513935 -73.799100628762
395.961393661442 -73.799100628762
396.75121237172 -73.799100628762
397.803250893811 -73.799100628762
398.858448690744 -73.813834202354
399.910487212835 -73.799100628762
400.962525734926 -73.799100628762
401.752344445205 -73.813834202354
402.807542242137 -73.799100628762
403.859580764229 -73.813834202354
404.91161928632 -73.799100628762
405.966817083252 -73.7845424548557
406.756635793531 -73.799100628762
407.808674315622 -73.7845424548557
408.860712837713 -73.7552507073573
409.915910634646 -73.7261343595445
410.967949156737 -73.7114007859525
411.757767867016 -73.7406925334509
412.809806389107 -73.7552507073573
413.865004186039 -73.7552507073573
414.91704270813 -73.6968426120462
415.969081230222 -73.6968426120462
416.7588999405 -73.6968426120462
417.814097737433 -73.6675508645478
418.866136259524 -73.6822844381398
419.918174781615 -73.6529926906414
420.973372578547 -73.638434516735
421.763191288826 -73.638434516735
422.815229810917 -73.5798510217383
423.867268333009 -73.5798510217383
424.922466129941 -73.5945845953303
425.974504652032 -73.5945845953303
426.764323362311 -73.5945845953303
427.816361884402 -73.5945845953303
428.871559681334 -73.5945845953303
429.923598203426 -73.623700943143
430.975636725517 -73.6091427692367
431.765455435796 -73.5945845953303
432.820653232728 -73.5945845953303
433.872691754819 -73.5945845953303
434.92473027691 -73.5945845953303
435.979928073843 -73.5945845953303
436.769746784121 -73.4775930050224
437.821785306213 -73.5068847525208
438.873823828304 -73.5360011003336
439.929021625236 -73.5652928478319
440.981060147327 -73.5798510217383
441.770878857606 -73.6091427692367
442.822917379697 -73.638434516735
443.87811517663 -73.6091427692367
444.930153698721 -73.5798510217383
445.982192220812 -73.6091427692367
446.772010931091 -73.638434516735
447.827208728023 -73.623700943143
448.879247250114 -73.638434516735
449.931285772206 -73.6091427692367
450.986483569138 -73.6091427692367
451.776302279417 -73.5798510217383
452.828340801508 -73.5507346739255
453.880379323599 -73.5652928478319
454.935577120531 -73.5652928478319
455.987615642623 -73.5507346739255
456.777434352901 -73.5652928478319
457.829472874993 -73.5652928478319
458.884670671925 -73.5945845953303
459.936709194016 -73.5798510217383
460.988747716107 -73.5945845953303
461.778566426386 -73.5798510217383
462.833764223318 -73.5507346739255
463.88580274541 -73.5360011003336
464.937841267501 -73.5652928478319
465.993039064433 -73.5652928478319
466.782857774712 -73.5652928478319
467.834896296803 -73.5507346739255
468.886934818894 -73.5507346739255
469.942132615827 -73.5360011003336
470.994171137918 -73.5214429264272
471.783989848197 -73.5360011003336
472.836028370288 -73.5507346739255
473.89122616722 -73.5652928478319
474.943264689312 -73.5360011003336
475.995303211403 -73.5507346739255
476.785121921681 -73.5652928478319
477.840319718614 -73.5214429264272
478.892358240705 -73.5214429264272
479.944396762796 -73.5214429264272
480.734215473075 -73.5068847525208
481.789413270007 -73.5214429264272
482.841451792099 -73.5214429264272
483.89349031419 -73.5360011003336
484.948688111122 -73.5360011003336
485.738506821401 -73.5068847525208
486.790545343492 -73.5068847525208
487.842583865583 -73.4921511789288
488.897781662516 -73.4921511789288
489.949820184607 -73.4921511789288
490.739638894886 -73.4775930050224
491.791677416977 -73.4921511789288
492.846875213909 -73.4921511789288
493.898913736 -73.4921511789288
494.950952258092 -73.4483012575241
495.74077096837 -73.463034831116
496.795968765303 -73.4483012575241
497.848007287394 -73.463034831116
498.900045809485 -73.4775930050224
499.955243606417 -73.4775930050224
500.745062316696 -73.4921511789288
501.797100838787 -73.5068847525208
502.849139360879 -73.4921511789288
503.904337157811 -73.463034831116
504.956375679902 -73.4775930050224
505.746194390181 -73.4483012575241
506.798232912272 -73.463034831116
507.853430709204 -73.463034831116
508.905469231296 -73.4191849097113
509.957507753387 -73.4483012575241
510.747326463666 -73.4775930050224
511.802524260598 -73.4921511789288
512.854562782689 -73.4775930050224
513.90660130478 -73.4191849097113
514.961799101713 -73.4191849097113
515.751617811991 -73.4483012575241
516.803656334083 -73.463034831116
517.855694856174 -73.4775930050224
518.910892653106 -73.5360011003336
519.962931175198 -73.5507346739255
520.752749885476 -73.5507346739255
521.804788407567 -73.5507346739255
522.8599862045 -73.5360011003336
523.912024726591 -73.5068847525208
524.964063248682 -73.5360011003336
525.753881958961 -73.5068847525208
526.809079755893 -73.5214429264272
527.861118277985 -73.5360011003336
528.913156800076 -73.5507346739255
529.968354597008 -73.5652928478319
530.758173307287 -73.5652928478319
531.810211829378 -73.5945845953303
532.862250351469 -73.5652928478319
533.917448148402 -73.5507346739255
534.969486670493 -73.5360011003336
535.759305380772 -73.5507346739255
536.811343902863 -73.5507346739255
537.866541699795 -73.4921511789288
538.918580221886 -73.3753349883066
539.970618743978 -73.3898931622129
540.760437454256 -73.4191849097113
541.815635251189 -73.4337430836177
542.86767377328 -73.4337430836177
543.919712295371 -73.4483012575241
544.974910092303 -73.4337430836177
545.764728802582 -73.463034831116
546.816767324673 -73.463034831116
547.868805846765 -73.4337430836177
548.924003643697 -73.3314850669018
549.976042165788 -68.8879094314304
550.765860876067 -67.6162617106928
551.817899398158 -67.0755044799294
552.87309719509 -66.6662970133804
553.925135717182 -66.2569141471457
554.977174239273 -65.8477066805965
555.766992949552 -65.6723069949776
556.822190746484 -65.511465483265
557.874229268575 -65.2192496070237
558.926267790666 -65.1315497642142
559.981465587599 -65.0584080953111
560.771284297877 -64.9707082525016
561.823322819969 -64.8975665835985
562.87536134206 -64.8537166621938
563.930559138992 -64.7807503929763
564.982597661083 -64.7369004715715
565.772416371362 -64.6783169765748
566.824454893453 -64.63446705517
567.879652690386 -64.5760589598589
568.931691212477 -64.5322090384542
569.983729734568 -64.473800943143
570.773548444847 -64.4152174481463
571.828746241779 -64.3713675267416
572.88078476387 -64.3568093528352
573.932823285962 -64.3275176053368
574.988021082894 -64.3275176053368
575.777839793173 -64.2836676839321
576.829878315264 -64.2545513361193
577.881916837355 -64.2398177625273
578.937114634287 -64.2545513361193
579.989153156379 -64.2398177625273
580.778971866657 -64.2252595886209
581.831010388749 -64.2107014147146
582.886208185681 -64.2107014147146
583.938246707772 -64.2107014147146
584.990285229863 -64.2252595886209
585.780103940142 -64.2398177625273
586.835301737074 -64.2545513361193
587.887340259166 -64.2252595886209
588.939378781257 -64.2107014147146
589.994576578189 -64.2398177625273
590.784395288468 -64.2545513361193
591.836433810559 -64.2691095100257
592.88847233265 -64.2836676839321
593.943670129583 -64.2691095100257
594.995708651674 -64.2398177625273
595.785527361953 -64.2691095100257
596.837565884044 -64.2545513361193
597.892763680976 -64.2398177625273
598.944802203068 -64.2252595886209
600 -64.2398177625273
