0 -65
0.789818710278701 -64.9854062732253
1.84185723236992 -65.0145937267747
2.89389575446115 -65.0145937267747
3.9490935513935 -64.9854062732253
4.7389122616722 -65
5.79095078376343 -64.9854062732253
6.84298930585465 -64.9854062732253
7.89818710278701 -64.9706367184172
8.95022562487823 -64.9266797100598
9.74004433515693 -64.9266797100598
10.7920828572482 -64.9266797100598
11.8472806541805 -64.9560429916425
12.8993191762717 -64.8974922565104
13.951357698363 -64.9266797100598
14.7411764086417 -64.9560429916425
15.796374205574 -64.9414492648679
16.8484127276652 -64.9706367184172
17.9036105245976 -64.9120859832851
18.9556490466888 -64.9854062732253
19.7454677569675 -64.9854062732253
20.7975062790587 -64.9706367184172
21.8527040759911 -64.9706367184172
22.9047425980823 -65.0145937267747
23.9567811201735 -64.9706367184172
24.7465998304522 -64.9120859832851
25.8017976273846 -64.9560429916425
26.8538361494758 -64.9414492648679
27.905874671567 -64.9414492648679
28.9610724684994 -64.9414492648679
29.7508911787781 -64.9706367184172
30.8029297008693 -65.0145937267747
31.8549682229606 -64.9854062732253
32.9101660198929 -64.9854062732253
33.9622045419841 -65
34.7520232522628 -64.9854062732253
35.8040617743541 -65
36.8592595712864 -65.0293632815828
37.9112980933776 -65.0145937267747
38.9633366154689 -65.0145937267747
39.7531553257476 -65.0145937267747
40.8083531226799 -65.0145937267747
41.8603916447711 -64.9854062732253
42.9124301668624 -64.9414492648679
43.9676279637947 -64.9560429916425
44.7574466740734 -64.9560429916425
45.8094851961646 -64.9414492648679
46.8615237182559 -64.9414492648679
47.9167215151882 -64.9706367184172
48.9687600372794 -64.9560429916425
49.7585787475581 -69.0880017772425
50.8106172696494 -71.5935512536169
51.8658150665817 -72.4580976939912
52.9178535886729 -73.0734958109954
53.9698921107642 -73.571616629702
54.7597108210429 -73.967229704919
55.8149086179752 -74.2603350366465
56.8669471400664 -74.5826278219232
57.9189856621577 -74.8609635988426
58.97418345909 -75.0807486406298
59.7640021693687 -75.3153032372252
60.81604069146 -75.4324047074894
61.8680792135512 -75.6082327409192
62.9232770104835 -75.7255100392168
63.9753155325748 -75.8573810642892
64.7651342428534 -76.0038458161362
65.8171727649447 -76.1357168412085
66.872370561877 -76.2384004127315
67.9244090839683 -76.2969511478636
68.9796068809006 -76.3555018829958
69.7694255911793 -76.4434158997106
70.8214641132705 -76.4727791812934
71.8735026353618 -76.4873729080681
72.9287004322941 -76.5021424628762
73.9807389543853 -76.5606931980083
74.770557664664 -76.6192439331404
75.8225961867553 -76.6632009414979
76.8777939836876 -76.6486072147232
77.9298325057788 -76.677970496306
78.9818710278701 -76.7071579498553
79.7716897381488 -76.6632009414979
80.8268875350811 -76.6632009414979
81.8789260571724 -76.6486072147232
82.9309645792636 -76.677970496306
83.9861623761959 -76.7365212314381
84.7759810864746 -76.7219275046634
85.8280196085659 -76.7365212314381
86.8800581306571 -76.7365212314381
87.9352559275894 -76.7365212314381
88.9872944496806 -76.7365212314381
89.7771131599594 -76.7511149582128
90.8291516820506 -76.7950719665702
91.8843494789829 -76.7658845130209
92.9363880010741 -76.7950719665702
93.9884265231654 -76.7658845130209
94.7782452334441 -76.824435248153
95.8334430303764 -76.7950719665702
96.8854815524677 -76.7950719665702
97.9375200745589 -76.7950719665702
98.9927178714912 -76.8390289749277
99.7825365817699 -76.8977555380932
100.834575103861 -76.8683922565104
101.886613625952 -76.8098415213783
102.941811422885 -76.824435248153
103.993849944976 -76.8390289749277
104.783668655255 -76.8098415213783
105.835707177346 -76.7950719665702
106.890904974278 -76.8098415213783
107.942943496369 -76.824435248153
108.994982018461 -76.8683922565104
109.784800728739 -76.8829859832851
110.839998525672 -76.8977555380932
111.892037047763 -76.9123492648679
112.944075569854 -76.8977555380932
113.999273366787 -76.9269429916426
114.789092077065 -76.8829859832851
115.841130599156 -76.8829859832851
116.893169121248 -76.8977555380932
117.94836691818 -76.8977555380932
119.000405440271 -76.9123492648679
119.79022415055 -76.8977555380932
120.845421947482 -76.9123492648679
121.897460469574 -76.9123492648679
122.949498991665 -76.9269429916426
123.739317701943 -76.8829859832851
124.794515498876 -76.9269429916426
125.846554020967 -76.9123492648679
126.898592543058 -76.8829859832851
127.953790339991 -76.8683922565104
128.743609050269 -76.8683922565104
129.795647572361 -76.8098415213783
130.847686094452 -76.824435248153
131.902883891384 -76.8537985297358
132.954922413475 -76.8829859832851
133.744741123754 -76.8977555380932
134.796779645845 -76.8829859832851
135.851977442778 -76.8829859832851
136.904015964869 -76.8977555380932
137.95605448696 -76.8977555380932
138.745873197239 -76.8977555380932
139.801070994171 -76.8977555380932
140.853109516262 -76.8683922565104
141.905148038354 -76.8829859832851
142.960345835286 -76.9123492648679
143.750164545565 -76.9123492648679
144.802203067656 -76.9269429916426
145.854241589747 -76.9269429916426
146.909439386679 -76.9709
147.961477908771 -76.9123492648679
148.751296619049 -76.9123492648679
149.803335141141 -76.9563062732253
150.858532938073 -76.9269429916426
151.910571460164 -76.8683922565104
152.962609982255 -76.8537985297358
153.752428692534 -76.9123492648679
154.807626489466 -76.9269429916426
155.859665011558 -76.8977555380932
156.911703533649 -76.8977555380932
157.966901330581 -76.8537985297358
158.75672004086 -76.9123492648679
159.808758562951 -76.8683922565104
160.860797085042 -76.8683922565104
161.915994881975 -76.8537985297358
162.968033404066 -76.8537985297358
163.757852114345 -76.8683922565104
164.809890636436 -76.8537985297358
165.865088433368 -76.824435248153
166.917126955459 -76.7950719665702
167.969165477551 -76.7804782397955
168.758984187829 -76.7658845130209
169.814181984762 -76.7950719665702
170.866220506853 -76.7950719665702
171.918259028944 -76.824435248153
172.973456825877 -76.8390289749277
173.763275536155 -76.824435248153
174.815314058246 -76.824435248153
175.870511855179 -76.824435248153
176.92255037727 -76.8390289749277
177.974588899361 -76.8537985297358
178.76440760964 -76.8390289749277
179.819605406572 -76.8537985297358
180.871643928664 -76.8390289749277
181.923682450755 -76.8098415213783
182.978880247687 -76.8390289749277
183.768698957966 -76.7804782397955
184.820737480057 -76.824435248153
185.872776002148 -76.8098415213783
186.927973799081 -76.7804782397955
187.980012321172 -76.7658845130209
188.769831031451 -76.7658845130209
189.821869553542 -76.7950719665702
190.877067350474 -76.7658845130209
191.929105872565 -76.7365212314381
192.981144394657 -76.6925642230807
193.770963104935 -76.7219275046634
194.826160901868 -76.7219275046634
195.878199423959 -76.7071579498553
196.93023794605 -76.7219275046634
197.985435742982 -76.7219275046634
198.775254453261 -76.7365212314381
199.827292975352 -76.6925642230807
200.879331497444 -76.7071579498553
201.934529294376 -76.7071579498553
202.986567816467 -76.7365212314381
203.776386526746 -76.7219275046634
204.828425048837 -76.7071579498553
205.883622845769 -76.7071579498553
206.935661367861 -76.7071579498553
207.987699889952 -76.6925642230807
208.777518600231 -76.677970496306
209.832716397163 -76.6632009414979
210.884754919254 -76.6925642230807
211.936793441345 -76.677970496306
212.991991238278 -76.677970496306
213.781809948556 -76.7219275046634
214.833848470648 -76.677970496306
215.885886992739 -76.677970496306
216.941084789671 -76.6340134879485
217.993123311763 -76.6632009414979
218.782942022041 -76.6632009414979
219.834980544132 -76.6340134879485
220.890178341065 -76.6340134879485
221.942216863156 -76.677970496306
222.994255385247 -76.6925642230807
223.784074095526 -76.6632009414979
224.839271892458 -76.677970496306
225.89131041455 -76.6925642230807
226.943348936641 -76.7219275046634
227.998546733573 -76.7071579498553
228.788365443852 -76.6925642230807
229.840403965943 -76.7365212314381
230.892442488034 -76.7071579498553
231.947640284967 -76.677970496306
232.999678807058 -76.677970496306
233.789497517337 -76.7219275046634
234.841536039428 -76.7071579498553
235.89673383636 -76.7658845130209
236.948772358451 -76.7219275046634
238.000810880543 -76.7950719665702
238.790629590821 -76.824435248153
239.845827387754 -76.8537985297358
240.897865909845 -76.7804782397955
241.949904431936 -76.7804782397955
242.739723142215 -76.7950719665702
243.794920939147 -76.7365212314381
244.846959461238 -76.7511149582128
245.89899798333 -76.7365212314381
246.954195780262 -76.7365212314381
247.744014490541 -76.7219275046634
248.796053012632 -76.7365212314381
249.848091534723 -76.7365212314381
250.903289331655 -76.7365212314381
251.955327853747 -76.7511149582128
252.745146564025 -76.7219275046634
253.797185086117 -76.7658845130209
254.852382883049 -76.7511149582128
255.90442140514 -76.7804782397955
256.956459927231 -76.7804782397955
257.74627863751 -76.7658845130209
258.801476434442 -76.8098415213783
259.853514956534 -76.824435248153
260.905553478625 -76.8829859832851
261.960751275557 -76.8829859832851
262.750569985836 -76.8537985297358
263.802608507927 -76.824435248153
264.854647030018 -76.8390289749277
265.909844826951 -76.7950719665702
266.961883349042 -76.8098415213783
267.751702059321 -76.8098415213783
268.803740581412 -76.8390289749277
269.858938378344 -76.824435248153
270.910976900435 -76.8098415213783
271.963015422527 -76.824435248153
272.752834132805 -76.7658845130209
273.808031929738 -76.7511149582128
274.860070451829 -76.677970496306
275.91210897392 -76.6340134879485
276.967306770853 -76.6340134879485
277.757125481131 -76.6486072147232
278.809164003222 -76.6192439331404
279.861202525314 -76.6046502063658
280.916400322246 -76.6340134879485
281.968438844337 -76.6046502063658
282.758257554616 -76.6046502063658
283.810296076707 -76.575286924783
284.86549387364 -76.6192439331404
285.917532395731 -76.6632009414979
286.969570917822 -76.6046502063658
287.759389628101 -76.6046502063658
288.814587425033 -76.6192439331404
289.866625947124 -76.6192439331404
290.918664469216 -76.5900564795911
291.973862266148 -76.5900564795911
292.763680976427 -76.6192439331404
293.815719498518 -76.6486072147232
294.867758020609 -76.6486072147232
295.922955817541 -76.6340134879485
296.974994339633 -76.6192439331404
297.764813049911 -76.6046502063658
298.816851572003 -76.5606931980083
299.872049368935 -76.575286924783
300.924087891026 -76.5460994712336
300.920928616185 -76.5460994712336
301.972967138276 -76.5460994712336
302.762785848555 -76.575286924783
303.814824370646 -76.5460994712336
304.870022167578 -76.5606931980083
305.92206068967 -76.5460994712336
306.974099211761 -76.6046502063658
307.76391792204 -76.6046502063658
308.819115718972 -76.6340134879485
309.871154241063 -76.6340134879485
310.923192763154 -76.6192439331404
311.978390560087 -76.6046502063658
312.768209270365 -76.5606931980083
313.820247792457 -76.5460994712336
314.872286314548 -76.6046502063658
315.92748411148 -76.575286924783
316.979522633571 -76.6192439331404
317.76934134385 -76.5900564795911
318.821379865941 -76.6046502063658
319.876577662874 -76.5900564795911
320.928616184965 -76.6192439331404
321.980654707056 -76.6340134879485
322.770473417335 -76.6632009414979
323.825671214267 -76.6046502063658
324.877709736358 -76.5606931980083
325.92974825845 -76.5900564795911
326.984946055382 -76.5900564795911
327.774764765661 -76.6486072147232
328.826803287752 -76.6192439331404
329.878841809843 -76.6046502063658
330.934039606776 -76.6486072147232
331.986078128867 -76.6486072147232
332.775896839146 -76.6340134879485
333.827935361237 -76.6046502063658
334.883133158169 -76.6046502063658
335.93517168026 -76.5900564795911
336.987210202352 -76.5460994712336
337.77702891263 -76.5460994712336
338.832226709563 -76.5167361896509
339.884265231654 -76.5021424628762
340.936303753745 -76.4727791812934
341.991501550677 -76.4581854545188
342.781320260956 -76.4434158997106
343.833358783047 -76.4434158997106
344.885397305139 -76.428822172936
345.940595102071 -76.428822172936
346.992633624162 -76.4581854545188
347.782452334441 -76.428822172936
348.834490856532 -76.4581854545188
349.889688653464 -76.4434158997106
350.941727175556 -76.4873729080681
351.993765697647 -76.4873729080681
352.783584407926 -76.4873729080681
353.838782204858 -76.4727791812934
354.890820726949 -76.4434158997106
355.94285924904 -76.428822172936
356.998057045973 -76.3994588913532
357.787875756251 -76.3848651645785
358.839914278343 -76.4142284461613
359.891952800434 -76.3702714378039
360.947150597366 -76.3409081562211
361.736969307645 -76.3409081562211
362.789007829736 -76.3409081562211
363.841046351827 -76.3555018829958
364.89624414876 -76.2969511478636
365.948282670851 -76.3263144294464
366.73810138113 -76.2675878662809
367.790139903221 -76.2969511478636
368.845337700153 -76.3409081562211
369.897376222244 -76.3115448746383
370.949414744336 -76.2675878662809
371.739233454614 -76.2529941395062
372.794431251547 -76.2675878662809
373.846469773638 -76.2236308579234
374.898508295729 -76.2384004127315
375.953706092661 -76.1944434043741
376.74352480294 -76.2384004127315
377.795563325031 -76.1944434043741
378.847601847123 -76.1944434043741
379.902799644055 -76.2090371311487
380.954838166146 -76.1504863960166
381.744656876425 -76.1211231144339
382.796695398516 -76.0917598328511
383.851893195448 -76.0625723793017
384.90393171754 -76.0771661060764
385.955970239631 -76.0917598328511
386.74578894991 -76.0917598328511
387.800986746842 -76.1065293876592
388.853025268933 -76.1357168412085
389.905063791024 -76.1065293876592
390.960261587957 -76.1211231144339
391.750080298236 -76.1065293876592
392.802118820327 -76.0625723793017
393.854157342418 -76.0771661060764
394.90935513935 -76.0771661060764
395.961393661442 -76.0917598328511
396.75121237172 -76.0771661060764
397.803250893811 -76.0917598328511
398.858448690744 -76.0917598328511
399.910487212835 -76.1650801227913
400.962525734926 -76.179673849566
401.752344445205 -76.1357168412085
402.807542242137 -76.1650801227913
403.859580764229 -76.1504863960166
404.91161928632 -76.1065293876592
405.966817083252 -76.1650801227913
406.756635793531 -76.1357168412085
407.808674315622 -76.1357168412085
408.860712837713 -76.1357168412085
409.915910634646 -76.1211231144339
410.967949156737 -76.1065293876592
411.757767867016 -76.1211231144339
412.809806389107 -76.1650801227913
413.865004186039 -76.1944434043741
414.91704270813 -76.179673849566
415.969081230222 -76.2384004127315
416.7588999405 -76.2675878662809
417.814097737433 -76.2384004127315
418.866136259524 -76.2236308579234
419.918174781615 -76.2236308579234
420.973372578547 -76.2090371311487
421.763191288826 -76.2090371311487
422.815229810917 -76.1944434043741
423.867268333009 -76.179673849566
424.922466129941 -76.179673849566
425.974504652032 -76.1650801227913
426.764323362311 -76.1211231144339
427.816361884402 -76.0917598328511
428.871559681334 -76.1357168412085
429.923598203426 -76.1357168412085
430.975636725517 -76.1504863960166
431.765455435796 -76.0771661060764
432.820653232728 -76.0625723793017
433.872691754819 -76.0478028244936
434.92473027691 -76.0625723793017
435.979928073843 -76.0478028244936
436.769746784121 -76.033209097719
437.821785306213 -76.0625723793017
438.873823828304 -76.0917598328511
439.929021625236 -76.1357168412085
440.981060147327 -76.1065293876592
441.770878857606 -76.1211231144339
442.822917379697 -76.1211231144339
443.87811517663 -76.1357168412085
444.930153698721 -76.179673849566
445.982192220812 -76.1944434043741
446.772010931091 -76.2236308579234
447.827208728023 -76.282357421089
448.879247250114 -76.2675878662809
449.931285772206 -76.2236308579234
450.986483569138 -76.2384004127315
451.776302279417 -76.1650801227913
452.828340801508 -76.1065293876592
453.880379323599 -76.1065293876592
454.935577120531 -76.0917598328511
455.987615642623 -76.0771661060764
456.777434352901 -76.0625723793017
457.829472874993 -76.0478028244936
458.884670671925 -76.0186153709443
459.936709194016 -76.033209097719
460.988747716107 -76.0771661060764
461.778566426386 -76.0478028244936
462.833764223318 -76.033209097719
463.88580274541 -76.0625723793017
464.937841267501 -76.0478028244936
465.993039064433 -76.0771661060764
466.782857774712 -76.0625723793017
467.834896296803 -76.0917598328511
468.886934818894 -76.1065293876592
469.942132615827 -76.1211231144339
470.994171137918 -76.1065293876592
471.783989848197 -76.1357168412085
472.836028370288 -76.1211231144339
473.89122616722 -76.1211231144339
474.943264689312 -76.0917598328511
475.995303211403 -76.0771661060764
476.785121921681 -76.0917598328511
477.840319718614 -76.0917598328511
478.892358240705 -76.0771661060764
479.944396762796 -76.0625723793017
480.734215473075 -76.1065293876592
481.789413270007 -76.0917598328511
482.841451792099 -76.1065293876592
483.89349031419 -76.0917598328511
484.948688111122 -76.0917598328511
485.738506821401 -76.1504863960166
486.790545343492 -76.1944434043741
487.842583865583 -76.1357168412085
488.897781662516 -76.1650801227913
489.949820184607 -76.1650801227913
490.739638894886 -76.1504863960166
491.791677416977 -76.1211231144339
492.846875213909 -76.1504863960166
493.898913736 -76.1211231144339
494.950952258092 -76.1211231144339
495.74077096837 -76.1504863960166
496.795968765303 -76.1650801227913
497.848007287394 -76.1944434043741
498.900045809485 -76.2384004127315
499.955243606417 -76.1944434043741
500.745062316696 -76.1504863960166
501.797100838787 -76.1357168412085
502.849139360879 -76.0917598328511
503.904337157811 -76.0917598328511
504.956375679902 -76.0917598328511
505.746194390181 -76.033209097719
506.798232912272 -75.9892520893615
507.853430709204 -75.9892520893615
508.905469231296 -75.9452950810041
509.957507753387 -75.9598888077787
510.747326463666 -75.9598888077787
511.802524260598 -75.9452950810041
512.854562782689 -75.9159317994213
513.90660130478 -75.9892520893615
514.961799101713 -75.9746583625868
515.751617811991 -76.0186153709443
516.803656334083 -76.033209097719
517.855694856174 -76.033209097719
518.910892653106 -76.0478028244936
519.962931175198 -76.0478028244936
520.752749885476 -76.0186153709443
521.804788407567 -76.0038458161362
522.8599862045 -76.0038458161362
523.912024726591 -76.0038458161362
524.964063248682 -76.0038458161362
525.753881958961 -76.033209097719
526.809079755893 -76.0478028244936
527.861118277985 -76.0771661060764
528.913156800076 -76.0917598328511
529.968354597008 -76.0478028244936
530.758173307287 -76.033209097719
531.810211829378 -76.0625723793017
532.862250351469 -76.1211231144339
533.917448148402 -76.1504863960166
534.969486670493 -76.1357168412085
535.759305380772 -76.0917598328511
536.811343902863 -76.0917598328511
537.866541699795 -76.1357168412085
538.918580221886 -76.0771661060764
539.970618743978 -76.1065293876592
540.760437454256 -76.1650801227913
541.815635251189 -76.1504863960166
542.86767377328 -76.0917598328511
543.919712295371 -76.0478028244936
544.974910092303 -76.0917598328511
545.764728802582 -76.1065293876592
546.816767324673 -76.1211231144339
547.868805846765 -76.0625723793017
548.924003643697 -75.8719747910638
549.976042165788 -70.9781531366127
550.765860876067 -69.1319587855999
551.817899398158 -68.2821819000338
552.87309719509 -67.6667837830295
553.925135717182 -67.1245301279321
554.977174239273 -66.7289170527151
555.766992949552 -66.3480735323062
556.822190746484 -66.0549682005787
557.874229268575 -65.791226150434
558.926267790666 -65.542077827064
559.981465587599 -65.3810193484424
560.771284297877 -65.146464751847
561.823322819969 -64.9854062732253
562.87536134206 -64.8387656933449
563.930559138992 -64.7216642230807
564.982597661083 -64.604386924783
565.772416371362 -64.4725158997106
566.824454893453 -64.4139651645785
567.879652690386 -64.3112815930555
568.931691212477 -64.2233675763406
569.983729734568 -64.208773849566
570.773548444847 -64.1062661060764
571.828746241779 -64.0329458161362
572.88078476387 -64.0035825345534
573.932823285962 -63.9156685178385
574.988021082894 -63.9010747910638
575.777839793173 -63.9450317994213
576.829878315264 -63.8717115094811
577.881916837355 -63.8717115094811
578.937114634287 -63.8717115094811
579.989153156379 -63.8425240559317
580.778971866657 -63.7985670475743
581.831010388749 -63.7985670475743
582.886208185681 -63.7985670475743
583.938246707772 -63.813160774349
584.990285229863 -63.8425240559317
585.780103940142 -63.8277545011236
586.835301737074 -63.8864810642892
587.887340259166 -63.8571177827064
588.939378781257 -63.9010747910638
589.994576578189 -63.9304380726466
590.784395288468 -63.9450317994213
591.836433810559 -63.959625526196
592.88847233265 -63.9304380726466
593.943670129583 -63.9450317994213
594.995708651674 -63.9450317994213
595.785527361953 -63.959625526196
596.837565884044 -63.9304380726466
597.892763680976 -64.0035825345534
598.944802203068 -63.959625526196
600 -63.959625526196
